====================================================================================================
[Benchmark] Comparison Table
====================================================================================================
     InLen |   Beam |  Samples/s |   Tokens/s |  PeakMem(MB) |   Avg(ms) |   P95(ms) |   P99(ms)
----------------------------------------------------------------------------------------------------
      1024 |     64 |      27.39 |      82.18 |          0.0 |     36.32 |     46.09 |     48.74
      1024 |    128 |      19.20 |      57.60 |          0.0 |     51.89 |     58.56 |    197.72
      1024 |    256 |      18.76 |      56.28 |          0.0 |     53.13 |     57.56 |    119.52
      1024 |    512 |      12.03 |      36.09 |          0.0 |     82.92 |     90.71 |    446.68
      2048 |     64 |      19.71 |      59.14 |          0.0 |     50.39 |     57.78 |     68.68
      2048 |    128 |      17.55 |      52.65 |          0.0 |     56.65 |     68.21 |    241.24
      2048 |    256 |      14.63 |      43.88 |          0.0 |     67.99 |     85.81 |    175.60
      2048 |    512 |       9.95 |      29.85 |          0.0 |     99.75 |    117.69 |    481.52
      4096 |     64 |      16.79 |      50.36 |          0.0 |     58.98 |     78.72 |    137.62
      4096 |    128 |      12.51 |      37.52 |          0.0 |     79.11 |     93.61 |    118.60
      4096 |    256 |      10.87 |      32.60 |          0.0 |     91.20 |    105.39 |    202.20
      4096 |    512 |       9.11 |      27.32 |          0.0 |    109.27 |    136.16 |    458.59
      8192 |     64 |      12.32 |      36.95 |          0.0 |     79.72 |     95.92 |    103.97
      8192 |    128 |      10.81 |      32.42 |          0.0 |     91.12 |    126.54 |    131.25
      8192 |    256 |       8.60 |      25.79 |          0.0 |    114.95 |    148.49 |    156.37
      8192 |    512 |       6.76 |      20.27 |          0.0 |    147.00 |    173.88 |    544.45
     10240 |     64 |      10.14 |      30.43 |          0.0 |     96.54 |    109.58 |    115.24
     10240 |    128 |       9.24 |      27.72 |          0.0 |    106.39 |    139.68 |    151.40
     10240 |    256 |       8.85 |      26.54 |          0.0 |    111.67 |    149.22 |    167.88
     10240 |    512 |       6.07 |      18.22 |          0.0 |    163.60 |    195.47 |    554.35
====================================================================================================

====================================================================================================
[Benchmark] Comparison Table
====================================================================================================
 Batch |      InLen |   Beam |  Samples/s |   Tokens/s |  PeakMem(MB) |   Avg(ms) |   P95(ms) |   P99(ms)
----------------------------------------------------------------------------------------------------
     1 |   explicit |     64 |      19.90 |      59.69 |          0.0 |     48.40 |     58.32 |     63.73
     2 |   explicit |     64 |      18.38 |      55.13 |          0.0 |     79.15 |    115.77 |    251.51
     4 |   explicit |     64 |      24.04 |      72.12 |          0.0 |    120.84 |    147.94 |    151.46
     8 |   explicit |     64 |      21.60 |      64.80 |          0.0 |    134.52 |    147.83 |    553.21
    16 |   explicit |     64 |      22.79 |      68.38 |          0.0 |    127.19 |    152.59 |    195.82
     1 |   explicit |    128 |      17.60 |      52.81 |          0.0 |     54.36 |     66.31 |    110.85
     2 |   explicit |    128 |      17.84 |      53.51 |          0.0 |     81.18 |    120.92 |    417.44
     4 |   explicit |    128 |      17.87 |      53.60 |          0.0 |    163.34 |    202.98 |    500.28
     8 |   explicit |    128 |      17.01 |      51.02 |          0.0 |    171.35 |    318.29 |    563.73
    16 |   explicit |    128 |      17.64 |      52.93 |          0.0 |    164.92 |    201.07 |    540.36
====================================================================================================

====================================================================================================
[Benchmark] Comparison Table
====================================================================================================
 Batch |      InLen |   Beam |  Samples/s |   Tokens/s |  PeakMem(MB) |   Avg(ms) |   P95(ms) |   P99(ms)
----------------------------------------------------------------------------------------------------
     4 |   explicit |     64 |      22.79 |      68.36 |          0.0 |    127.44 |    150.60 |    175.20
====================================================================================================
